1;176535655;Carton;1
2;711563575;Carton;4
3;344569813;Carton;3
